24,
48,
72,
104,
128,
152,
176,
200,
224,
248,
280,
304,
328,
352,
376,
400,
424,
456,
480,
504,
528,
552,
576,
600,
632,
656,
680,
704,
728,
752,
776,
808,
832,
856,
880,
904,
928,
952,
984,
1008,
1033,
1057,
1081,
1105,
1129,
1153,
1185,
1209,
1233,
1257,
1281,
1305,
1329,
1361,
1385,
1409,
1433,
1457,
1481,
1505,
1538,
1562,
1586,
1610,
1634,
1658,
1682,
1715,
1739,
1763,
1787,
1811,
1835,
1859,
1883,
1915,
1939,
1963,
1988,
2012,
2036,
2060,
2092,
2116,
2141,
2165,
2189,
2213,
2237,
2270,
2294,
2318,
2342,
2366,
2390,
2414,
2439,
2471,
2495,
2519,
2543,
2568,
2592,
2616,
2648,
2673,
2697,
2721,
2745,
2770,
2794,
2818,
2850,
2875,
2899,
2923,
2948,
2972,
2996,
3021,
3053,
3078,
3102,
3127,
3151,
3175,
3199,
3224,
3256,
3280,
3305,
3329,
3353,
3378,
3402,
3426,
3459,
3484,
3508,
3533,
3557,
3581,
3606,
3630,
3662,
3687,
3712,
3736,
3761,
3785,
3809,
3834,
3866,
3892,
3916,
3940,
3965,
3989,
4013,
4039,
4071,
4096,
4120,
4144,
4170,
4194,
4219,
4243,
4267,
4301,
4325,
4350,
4374,
4399,
4424,
4448,
4474,
4498,
4531,
4555,
4580,
4605,
4629,
4655,
4679,
4704,
4728,
4762,
4786,
4811,
4836,
4860,
4886,
4910,
4935,
4960,
4993,
5018,
5043,
5067,
5093,
5117,
5143,
5167,
5193,
5217,
5251,
5275,
5301,
5325,
5351,
5375,
5401,
5425,
5451,
5475,
5509,
5533,
5559,
5583,
5609,
5633,
5659,
5683,
5709,
5733,
5767,
5792,
5817,
5843,
5868,
5894,
5918,
5944,
5968,
5994,
6018,
6052,
6078,
6103,
6129,
6153,
6179,
6205,
6230,
6255,
6280,
6306,
6339,
6365,
6391,
6415,
6441,
6466,
6492,
6518,
6542,
6568,
6594,
6619,
6645,
6678,
6704,
6730,
6755,
6781,
6807,
6831,
6858,
6884,
6908,
6935,
6959,
6985,
7020,
7045,
7071,
7097,
7122,
7148,
7174,
7199,
7225,
7252,
7276,
7303,
7329,
7356,
7388,
7415,
7441,
7466,
7492,
7519,
7544,
7570,
7597,
7623,
7648,
7674,
7701,
7726,
7752,
7779,
7805,
7838,
7865,
7892,
7916,
7943,
7970,
7996,
8021,
8048,
8075,
8101,
8126,
8153,
8180,
8206,
8233,
8258,
8285,
8312,
8339,
8372,
8398,
8425,
8452,
8479,
8504,
8531,
8558,
8585,
8610,
8637,
8664,
8691,
8718,
8743,
8770,
8797,
8824,
8851,
8878,
8903,
8930,
8957,
8984,
9011,
9039,
9063,
9091,
9126,
9153,
9181,
9208,
9233,
9260,
9287,
9315,
9342,
9369,
9397,
9422,
9449,
9476,
9504,
9531,
9559,
9586,
9614,
9639,
9666,
9694,
9721,
9749,
9776,
9804,
9831,
9859,
9886,
9911,
9939,
9967,
9994,
10022,
10050,
10077,
10105,
10133,
10160,
10188,
10216,
10244,
10269,
10297,
10324,
10352,
10380,
10408,
10436,
10464,
10491,
10519,
10547,
10575,
10603,
10631,
10659,
10687,
10715,
10743,
10771,
10799,
10827,
10855,
10883,
10911,
10940,
10968,
10996,
11024,
11052,
11080,
11109,
11137,
11165,
11193,
11221,
11241,
11270,
11298,
11326,
11354,
11383,
11411,
11440,
11468,
11496,
11525,
11553,
11582,
11610,
11639,
11667,
11696,
11724,
11753,
11784,
11813,
11841,
11870,
11899,
11927,
11956,
11976,
12005,
12033,
12062,
12091,
12120,
12151,
12180,
12209,
12238,
12267,
12295,
12324,
12353,
12382,
12411,
12443,
12472,
12492,
12521,
12550,
12579,
12608,
12637,
12670,
12699,
12728,
12757,
12786,
12815,
12844,
12877,
12897,
12927,
12956,
12985,
13014,
13047,
13076,
13105,
13135,
13164,
13193,
13226,
13247,
13276,
13306,
13335,
13365,
13398,
13427,
13457,
13486,
13516,
13549,
13570,
13599,
13629,
13658,
13692,
13721,
13751,
13781,
13810,
13844,
13865,
13894,
13924,
13958,
13988,
14017,
14047,
14081,
14111,
14132,
14162,
14195,
14225,
14255,
14285,
14319,
14349,
14370,
14400,
14434,
14464,
14495,
14525,
14559,
14589,
14610,
14644,
14675,
14705,
14735,
14769,
14800,
14830,
14855,
14886,
14916,
14946,
14981,
15011,
15042,
15067,
15098,
15128,
15163,
15194,
15224,
15259,
15281,
15311,
15346,
15377,
15407,
15442,
15464,
15495,
15530,
15560,
15591,
15626,
15648,
15679,
15714,
15745,
15776,
15811,
15833,
15868,
15899,
15930,
15966,
15997,
16019,
16054,
16085,
16121,
16152,
16174,
16210,
16241,
16277,
16308,
16339,
16366,
16397,
16433,
16465,
16496,
16523,
16554,
16590,
16622,
16653,
16680,
16712,
16748,
16779,
16816,
16838,
16870,
16906,
16938,
16974,
16997,
17033,
17065,
17101,
17133,
17156,
17193,
17224,
17261,
17284,
17321,
17353,
17389,
17421,
17449,
17481,
17518,
17550,
17578,
17610,
17647,
17679,
17707,
17739,
17777,
17809,
17837,
17869,
17907,
17939,
17976,
18000,
18037,
18069,
18107,
18130,
18168,
18200,
18238,
18261,
18299,
18332,
18360,
18393,
18431,
18464,
18492,
18530,
18563,
18601,
18625,
18663,
18696,
18734,
18757,
18796,
18834,
18858,
18896,
18929,
18968,
18991,
19030,
19068,
19092,
19131,
19164,
19203,
19232,
19265,
19304,
19328,
19367,
19401,
19439,
19469,
19503,
19542,
19571,
19605,
19644,
19668,
19707,
19747,
19780,
19810,
19844,
19883,
19914,
19947,
19987,
20017,
20051,
20091,
20121,
20155,
20195,
20219,
20259,
20299,
20324,
20363,
20403,
20428,
20468,
20508,
20533,
20573,
20614,
20638,
20679,
20719,
20744,
20784,
20825,
20856,
20890,
20931,
20962,
20997,
21037,
21069,
21103,
21135,
21175,
21216,
21242,
21283,
21324,
21349,
21390,
21431,
21463,
21498,
21529,
21571,
21606,
21638,
21679,
21721,
21746,
21788,
21820,
21861,
21897,
21929,
21971,
22003,
22038,
22080,
22112,
22154,
22180,
22222,
22264,
22297,
22333,
22365,
22407,
22450,
22476,
22518,
22551,
22594,
22636,
22662,
22705,
22738,
22781,
22814,
22850,
22893,
22926,
22969,
23002,
23038,
23081,
23115,
23158,
23191,
23228,
23261,
23305,
23338,
23382,
23425,
23452,
23496,
23530,
23573,
23607,
23651,
23678,
23722,
23766,
23800,
23844,
23878,
23915,
23949,
23994,
24028,
24072,
24107,
24151,
24178,
24223,
24257,
24302,
24347,
24382,
24426,
24461,
24499,
24534,
24578,
24614,
24659,
24694,
24739,
24774,
24819,
24847,
24892,
24928,
24973,
25009,
25054,
25090,
25136,
25171,
25217,
25253,
25291,
25327,
25373,
25409,
25455,
25491,
25537,
25573,
25609,
25656,
25692,
25738,
25775,
25821,
25858,
25896,
25933,
25980,
26016,
26063,
26100,
26147,
26184,
26221,
26268,
26305,
26352,
26389,
26436,
26474,
26521,
26558,
26596,
26643,
26681,
26729,
26766,
26814,
26852,
26889,
26937,
26975,
27023,
27061,
27109,
27147,
27185,
27234,
27272,
27321,
27359,
27407,
27446,
27484,
27533,
27572,
27621,
27659,
27698,
27747,
27786,
27835,
27874,
27913,
27962,
28001,
28040,
28090,
28129,
28179,
28218,
28257,
28316,
28356,
28406,
28446,
28485,
28535,
28575,
28615,
28665,
28705,
28745,
28796,
28836,
28887,
28927,
28976,
29027,
29068,
29108,
29159,
29200,
29240,
29292,
29332,
29373,
29425,
29475,
29516,
29568,
29609,
29650,
29702,
29743,
29784,
29836,
29888,
29929,
29981,
30023,
30064,
30117,
30159,
30201,
30263,
30305,
30347,
30389,
30442,
30484,
30527,
30580,
30632,
30675,
30728,
30771,
30813,
30856,
30920,
30963,
31006,
31060,
31103,
31146,
31189,
31253,
31297,
31340,
31383,
31438,
31492,
31535,
31590,
31634,
31678,
31721,
31787,
31831,
31875,
31919,
31975,
32030,
32074,
32118,
32174,
32218,
32274,
32319,
32363,
32419,
32464,
32520,
32565,
32621,
32666,
32711,
32767,
32768,
32769,
